Mode
Brawl
Wall
248.0,349.0,527.0
416.0,375.0,469.0
587.0,467.0,591.0
532.0,268.0,371.0
413.0,179.0,303.0
676.0,271.0,491.0
154.0,232.0,423.0
532.0,97.0,179.0
782.0,224.0,483.0
998.0,95.0,221.0
1077.0,28.0,586.0
18.0,25.0,587.0
Platform
517.0,83.0,276.0
376.0,249.0,417.0
469.0,417.0,586.0
269.0,533.0,678.0
233.0,155.0,414.0
221.0,780.0,997.0
586.0,18.0,1076.0
119.0,159.0,325.0
509.0,893.0,993.0
435.0,893.0,993.0
371.0,890.0,990.0
295.0,886.0,986.0
136.0,617.0,717.0
StartFlag
891.0,171.0
EndFlag
176.0,473.0
EOF
