Mode
Solo
Wall
278.0,167.0,267.0
335.0,214.0,268.0
395.0,166.0,268.0
418.0,219.0,267.0
473.0,218.0,268.0
491.0,217.0,268.0
551.0,164.0,271.0
573.0,219.0,272.0
628.0,156.0,274.0
649.0,219.0,243.0
702.0,243.0,274.0
537.0,342.0,422.0
448.0,424.0,500.0
572.0,341.0,501.0
671.0,341.0,505.0
698.0,340.0,503.0
799.0,340.0,502.0
Platform
267.0,278.0,334.0
268.0,334.0,396.0
218.0,419.0,472.0
269.0,417.0,473.0
217.0,491.0,532.0
220.0,573.0,628.0
273.0,573.0,628.0
219.0,650.0,701.0
243.0,648.0,701.0
274.0,646.0,704.0
341.0,447.0,538.0
423.0,448.0,538.0
500.0,449.0,537.0
340.0,571.0,671.0
504.0,574.0,674.0
340.0,698.0,798.0
503.0,698.0,798.0
153.0,116.0,230.0
503.0,861.0,1036.0
StartFlag
153.0,107.0
EndFlag
942.0,458.0
EOF
Records
6.08,32.512,999.0,999.0,999.0
Names
Therealpotato,SAM_200X,X,X,X